
QR Decomposition

Random 5x4 matrix A:

[[0.08614248 0.80141676 0.62703442 0.50219955]
 [0.81361158 0.63961424 0.45723289 0.63310546]
 [0.91309459 0.17083113 0.35567298 0.51720655]
 [0.48067549 0.7850324  0.46349356 0.9554952 ]
 [0.05876408 0.02899287 0.67935912 0.61709562]]

Matrix Q 5x4:

[[ 0.065349    0.75711475  0.18853977 -0.52513098]
 [ 0.61721815  0.11483898 -0.12542149 -0.26135977]
 [ 0.69268749 -0.42650438  0.11131212 -0.13681397]
 [ 0.36464776  0.48124745 -0.14981494  0.77119853]
 [ 0.04457932 -0.00917367  0.95597453  0.20606621]]

Matrix upper triangular R 4x4:

[[1.31819126 0.85303868 0.76885599 1.15777382]
 [0.         0.98488575 0.59237196 0.68650561]
 [0.         0.         0.68047657 0.51963117]
 [0.         0.         0.         0.36408912]]

Check that Qt*Q = I:

[[ 1.00000000e+00 -1.14492818e-16 -2.24587225e-16 -1.05426659e-16]
 [-1.14492818e-16  1.00000000e+00  1.24456979e-16  1.24175930e-16]
 [-2.24587225e-16  1.24456979e-16  1.00000000e+00  2.81613618e-16]
 [-1.05426659e-16  1.24175930e-16  2.81613618e-16  1.00000000e+00]]

Check that Q*R = A:

[[0.08614248 0.80141676 0.62703442 0.50219955]
 [0.81361158 0.63961424 0.45723289 0.63310546]
 [0.91309459 0.17083113 0.35567298 0.51720655]
 [0.48067549 0.7850324  0.46349356 0.9554952 ]
 [0.05876408 0.02899287 0.67935912 0.61709562]]

Solving linear equation system

Random matrix A:

[[0.25940105 0.65823947 0.95606788 0.30472015]
 [0.44887565 0.46824856 0.16948277 0.94806692]
 [0.1191722  0.62105055 0.47074648 0.36726937]
 [0.97510958 0.5658749  0.63885767 0.66838079]]

Random vector b:

[0.24443091 0.89215386 0.96736991 0.72742604]

Solution (x) of the system of linear equations A*x = Q*Rx = b:

[ 0.52267638  3.29229541 -1.9677571  -0.58073381]

Check that A*x = b:

[0.24443091 0.89215386 0.96736991 0.72742604]

Inverse  calculation:

Inverse matrix of A (from the linear equation system), B:

[[-1.23548314 -1.03762018  0.47566083  1.77371094]
 [-2.74581637 -1.67081946  4.96688476  0.89255946]
 [ 2.81323363  0.71693658 -2.85787276 -0.72914079]
 [ 1.43819833  2.24310417 -2.16745147 -1.15027592]]

Checking that A*B = I:

[[ 1.00000000e+00 -1.31469891e-16 -6.59374491e-16  5.71310988e-16]
 [-7.01456337e-18  1.00000000e+00 -1.70564788e-16  1.17403038e-15]
 [-1.42990582e-15 -5.79725764e-17  1.00000000e+00 -1.61176548e-16]
 [ 6.60941139e-16  1.55886430e-15 -5.88926811e-17  1.00000000e+00]]

Checking that B*A = I:

[[ 1.00000000e+00  1.33181272e-15 -2.14816724e-16  2.39839642e-15]
 [-2.32753709e-15  1.00000000e+00  1.83322459e-16  5.12881693e-15]
 [ 1.56301689e-15 -4.06943104e-15  1.00000000e+00 -3.27826103e-15]
 [ 1.99222377e-15 -2.83115807e-15  8.84628711e-16  1.00000000e+00]]
