
Random symmetric matrix A: 
  0.840  0.394  0.783  0.798  0.912  0.198  0.335  0.768
  0.394  0.278  0.554  0.477  0.629  0.365  0.513  0.952
  0.783  0.554  0.916  0.636  0.717  0.142  0.607  0.016
  0.798  0.477  0.636  0.243  0.137  0.804  0.157  0.401
  0.912  0.629  0.717  0.137  0.130  0.109  0.999  0.218
  0.198  0.365  0.142  0.804  0.109  0.513  0.839  0.613
  0.335  0.513  0.607  0.157  0.999  0.839  0.296  0.638
  0.768  0.952  0.016  0.401  0.218  0.613  0.638  0.524

Result of Jacobi diagonalization: 
eigenvalues:
 -1.228 -0.939 -0.537  0.038  0.488  0.580  1.146  4.193

Of which 4.1932 is the largest

If you wish to change the size of the matrix, make clean and the type make n=>>value<<
